# id E_initial E_final active
         1    0.000000000000000E+00    0.000000000000000E+00 T
         2    0.000000000000000E+00    0.000000000000000E+00 T
         3    0.000000000000000E+00    0.000000000000000E+00 T
         4    0.000000000000000E+00    0.000000000000000E+00 T
         5    0.000000000000000E+00    0.000000000000000E+00 T
         6    0.000000000000000E+00    0.000000000000000E+00 T
         7    0.000000000000000E+00    0.000000000000000E+00 T
         8    0.000000000000000E+00    0.000000000000000E+00 T
         9    0.000000000000000E+00    0.000000000000000E+00 T
        10    0.000000000000000E+00    0.000000000000000E+00 T
        11    0.000000000000000E+00    0.000000000000000E+00 T
        12    0.000000000000000E+00    0.000000000000000E+00 T
        13    0.000000000000000E+00    0.000000000000000E+00 T
        14    0.000000000000000E+00    0.000000000000000E+00 T
        15    0.000000000000000E+00    0.000000000000000E+00 T
        16    0.000000000000000E+00    0.000000000000000E+00 T
        17    0.000000000000000E+00    0.000000000000000E+00 T
        18    0.000000000000000E+00    0.000000000000000E+00 T
        19    0.000000000000000E+00    0.000000000000000E+00 T
        20    0.000000000000000E+00    0.000000000000000E+00 T
        21    0.000000000000000E+00    0.000000000000000E+00 T
        22    0.000000000000000E+00    0.000000000000000E+00 T
        23    0.000000000000000E+00    0.000000000000000E+00 T
        24    0.000000000000000E+00    0.000000000000000E+00 T
        25    0.000000000000000E+00    0.000000000000000E+00 T
        26    0.000000000000000E+00    0.000000000000000E+00 T
        27    0.000000000000000E+00    0.000000000000000E+00 T
        28    0.000000000000000E+00    0.000000000000000E+00 T
        29    0.000000000000000E+00    0.000000000000000E+00 T
        30    0.000000000000000E+00    0.000000000000000E+00 T
        31    0.000000000000000E+00    0.000000000000000E+00 T
        32    0.000000000000000E+00    0.000000000000000E+00 T
        33    0.000000000000000E+00    0.000000000000000E+00 T
        34    0.000000000000000E+00    0.000000000000000E+00 T
        35    0.000000000000000E+00    0.000000000000000E+00 T
        36    0.000000000000000E+00    0.000000000000000E+00 T
        37    0.000000000000000E+00    0.000000000000000E+00 T
        38    0.000000000000000E+00    0.000000000000000E+00 T
        39    0.000000000000000E+00    0.000000000000000E+00 T
        40    0.000000000000000E+00    0.000000000000000E+00 T
        41    0.000000000000000E+00    0.000000000000000E+00 T
        42    0.000000000000000E+00    0.000000000000000E+00 T
        43    0.000000000000000E+00    0.000000000000000E+00 T
        44    0.000000000000000E+00    0.000000000000000E+00 T
        45    0.000000000000000E+00    0.000000000000000E+00 T
        46    0.000000000000000E+00    0.000000000000000E+00 T
        47    0.000000000000000E+00    0.000000000000000E+00 T
        48    0.000000000000000E+00    0.000000000000000E+00 T
        49    0.000000000000000E+00    0.000000000000000E+00 T
        50    0.000000000000000E+00    0.000000000000000E+00 T
        51    0.000000000000000E+00    0.000000000000000E+00 T
        52    0.000000000000000E+00    0.000000000000000E+00 T
        53    0.000000000000000E+00    0.000000000000000E+00 T
        54    0.000000000000000E+00    0.000000000000000E+00 T
        55    0.000000000000000E+00    0.000000000000000E+00 T
        56    0.000000000000000E+00    0.000000000000000E+00 T
        57    0.000000000000000E+00    0.000000000000000E+00 T
        58    0.000000000000000E+00    0.000000000000000E+00 T
        59    0.000000000000000E+00    0.000000000000000E+00 T
        60    0.000000000000000E+00    0.000000000000000E+00 T
        61    0.000000000000000E+00    0.000000000000000E+00 T
        62    0.000000000000000E+00    0.000000000000000E+00 T
        63    0.000000000000000E+00    0.000000000000000E+00 T
        64    0.000000000000000E+00    0.000000000000000E+00 T
        65    0.000000000000000E+00    0.000000000000000E+00 T
        66    0.000000000000000E+00    0.000000000000000E+00 T
        67    0.000000000000000E+00    0.000000000000000E+00 T
        68    0.000000000000000E+00    0.000000000000000E+00 T
        69    0.000000000000000E+00    0.000000000000000E+00 T
        70    0.000000000000000E+00    0.000000000000000E+00 T
        71    0.000000000000000E+00    0.000000000000000E+00 T
        72    0.000000000000000E+00    0.000000000000000E+00 T
        73    0.000000000000000E+00    0.000000000000000E+00 T
        74    0.000000000000000E+00    0.000000000000000E+00 T
        75    0.000000000000000E+00    0.000000000000000E+00 T
        76    0.000000000000000E+00    0.000000000000000E+00 T
        77    0.000000000000000E+00    0.000000000000000E+00 T
        78    0.000000000000000E+00    0.000000000000000E+00 T
        79    0.000000000000000E+00    0.000000000000000E+00 T
        80    0.000000000000000E+00    0.000000000000000E+00 T
        81    0.000000000000000E+00    0.000000000000000E+00 T
        82    0.000000000000000E+00    0.000000000000000E+00 T
        83    0.000000000000000E+00    0.000000000000000E+00 T
        84    0.000000000000000E+00    0.000000000000000E+00 T
        85    0.000000000000000E+00    0.000000000000000E+00 T
        86    0.000000000000000E+00    0.000000000000000E+00 T
        87    0.000000000000000E+00    0.000000000000000E+00 T
        88    0.000000000000000E+00    0.000000000000000E+00 T
        89    0.000000000000000E+00    0.000000000000000E+00 T
        90    0.000000000000000E+00    0.000000000000000E+00 T
        91    0.000000000000000E+00    0.000000000000000E+00 T
        92    0.000000000000000E+00    0.000000000000000E+00 T
        93    0.000000000000000E+00    0.000000000000000E+00 T
        94    0.000000000000000E+00    0.000000000000000E+00 T
        95    0.000000000000000E+00    0.000000000000000E+00 T
        96    0.000000000000000E+00    0.000000000000000E+00 T
        97    0.000000000000000E+00    0.000000000000000E+00 T
        98    0.000000000000000E+00    0.000000000000000E+00 T
        99    0.000000000000000E+00    0.000000000000000E+00 T
       100    0.000000000000000E+00    0.000000000000000E+00 T
       101    0.000000000000000E+00    0.000000000000000E+00 T
       102    0.000000000000000E+00    0.000000000000000E+00 T
       103    0.000000000000000E+00    0.000000000000000E+00 T
       104    0.000000000000000E+00    0.000000000000000E+00 T
       105    0.000000000000000E+00    0.000000000000000E+00 T
       106    0.000000000000000E+00    0.000000000000000E+00 T
       107    0.000000000000000E+00    0.000000000000000E+00 T
       108    0.000000000000000E+00    0.000000000000000E+00 T
       109    0.000000000000000E+00    0.000000000000000E+00 T
       110    0.000000000000000E+00    0.000000000000000E+00 T
       111    0.000000000000000E+00    0.000000000000000E+00 T
       112    0.000000000000000E+00    0.000000000000000E+00 T
       113    0.000000000000000E+00    0.000000000000000E+00 T
       114    0.000000000000000E+00    0.000000000000000E+00 T
       115    0.000000000000000E+00    0.000000000000000E+00 T
       116    0.000000000000000E+00    0.000000000000000E+00 T
       117    0.000000000000000E+00    0.000000000000000E+00 T
       118    0.000000000000000E+00    0.000000000000000E+00 T
       119    0.000000000000000E+00    0.000000000000000E+00 T
       120    0.000000000000000E+00    0.000000000000000E+00 T
       121    0.000000000000000E+00    0.000000000000000E+00 T
       122    0.000000000000000E+00    0.000000000000000E+00 T
       123    0.000000000000000E+00    0.000000000000000E+00 T
       124    0.000000000000000E+00    0.000000000000000E+00 T
       125    0.000000000000000E+00    0.000000000000000E+00 T
       126    0.000000000000000E+00    0.000000000000000E+00 T
       127    0.000000000000000E+00    0.000000000000000E+00 T
       128    0.000000000000000E+00    0.000000000000000E+00 T
       129    0.000000000000000E+00    0.000000000000000E+00 T
       130    0.000000000000000E+00    0.000000000000000E+00 T
       131    0.000000000000000E+00    0.000000000000000E+00 T
       132    0.000000000000000E+00    0.000000000000000E+00 T
       133    0.000000000000000E+00    0.000000000000000E+00 T
       134    0.000000000000000E+00    0.000000000000000E+00 T
       135    0.000000000000000E+00    0.000000000000000E+00 T
       136    0.000000000000000E+00    0.000000000000000E+00 T
       137    0.000000000000000E+00    0.000000000000000E+00 T
       138    0.000000000000000E+00    0.000000000000000E+00 T
       139    0.000000000000000E+00    0.000000000000000E+00 T
       140    0.000000000000000E+00    0.000000000000000E+00 T
       141    0.000000000000000E+00    0.000000000000000E+00 T
       142    0.000000000000000E+00    0.000000000000000E+00 T
       143    0.000000000000000E+00    0.000000000000000E+00 T
       144    0.000000000000000E+00    0.000000000000000E+00 T
       145    0.000000000000000E+00    0.000000000000000E+00 T
       146    0.000000000000000E+00    0.000000000000000E+00 T
       147    0.000000000000000E+00    0.000000000000000E+00 T
       148    0.000000000000000E+00    0.000000000000000E+00 T
       149    0.000000000000000E+00    0.000000000000000E+00 T
       150    0.000000000000000E+00    0.000000000000000E+00 T
       151    0.000000000000000E+00    0.000000000000000E+00 T
       152    0.000000000000000E+00    0.000000000000000E+00 T
       153    0.000000000000000E+00    0.000000000000000E+00 T
       154    0.000000000000000E+00    0.000000000000000E+00 T
       155    0.000000000000000E+00    0.000000000000000E+00 T
       156    0.000000000000000E+00    0.000000000000000E+00 T
       157    0.000000000000000E+00    0.000000000000000E+00 T
       158    0.000000000000000E+00    0.000000000000000E+00 T
       159    0.000000000000000E+00    0.000000000000000E+00 T
       160    0.000000000000000E+00    0.000000000000000E+00 T
       161    0.000000000000000E+00    0.000000000000000E+00 T
       162    0.000000000000000E+00    0.000000000000000E+00 T
       163    0.000000000000000E+00    0.000000000000000E+00 T
       164    0.000000000000000E+00    0.000000000000000E+00 T
       165    0.000000000000000E+00    0.000000000000000E+00 T
       166    0.000000000000000E+00    0.000000000000000E+00 T
       167    0.000000000000000E+00    0.000000000000000E+00 T
       168    0.000000000000000E+00    0.000000000000000E+00 T
       169    0.000000000000000E+00    0.000000000000000E+00 T
       170    0.000000000000000E+00    0.000000000000000E+00 T
       171    0.000000000000000E+00    0.000000000000000E+00 T
       172    0.000000000000000E+00    0.000000000000000E+00 T
       173    0.000000000000000E+00    0.000000000000000E+00 T
       174    0.000000000000000E+00    0.000000000000000E+00 T
       175    0.000000000000000E+00    0.000000000000000E+00 T
       176    0.000000000000000E+00    0.000000000000000E+00 T
       177    0.000000000000000E+00    0.000000000000000E+00 T
       178    0.000000000000000E+00    0.000000000000000E+00 T
       179    0.000000000000000E+00    0.000000000000000E+00 T
       180    0.000000000000000E+00    0.000000000000000E+00 T
       181    0.000000000000000E+00    0.000000000000000E+00 T
       182    0.000000000000000E+00    0.000000000000000E+00 T
       183    0.000000000000000E+00    0.000000000000000E+00 T
       184    0.000000000000000E+00    0.000000000000000E+00 T
       185    0.000000000000000E+00    0.000000000000000E+00 T
       186    0.000000000000000E+00    0.000000000000000E+00 T
       187    0.000000000000000E+00    0.000000000000000E+00 T
       188    0.000000000000000E+00    0.000000000000000E+00 T
       189    0.000000000000000E+00    0.000000000000000E+00 T
       190    0.000000000000000E+00    0.000000000000000E+00 T
       191    0.000000000000000E+00    0.000000000000000E+00 T
       192    0.000000000000000E+00    0.000000000000000E+00 T
       193    0.000000000000000E+00    0.000000000000000E+00 T
       194    0.000000000000000E+00    0.000000000000000E+00 T
       195    0.000000000000000E+00    0.000000000000000E+00 T
       196    0.000000000000000E+00    0.000000000000000E+00 T
       197    0.000000000000000E+00    0.000000000000000E+00 T
       198    0.000000000000000E+00    0.000000000000000E+00 T
       199    0.000000000000000E+00    0.000000000000000E+00 T
       200    0.000000000000000E+00    0.000000000000000E+00 T
       201    0.000000000000000E+00    0.000000000000000E+00 T
       202    0.000000000000000E+00    0.000000000000000E+00 T
       203    0.000000000000000E+00    0.000000000000000E+00 T
       204    0.000000000000000E+00    0.000000000000000E+00 T
       205    0.000000000000000E+00    0.000000000000000E+00 T
       206    0.000000000000000E+00    0.000000000000000E+00 T
       207    0.000000000000000E+00    0.000000000000000E+00 T
       208    0.000000000000000E+00    0.000000000000000E+00 T
       209    0.000000000000000E+00    0.000000000000000E+00 T
       210    0.000000000000000E+00    0.000000000000000E+00 T
       211    0.000000000000000E+00    0.000000000000000E+00 T
       212    0.000000000000000E+00    0.000000000000000E+00 T
       213    0.000000000000000E+00    0.000000000000000E+00 T
       214    0.000000000000000E+00    0.000000000000000E+00 T
       215    0.000000000000000E+00    0.000000000000000E+00 T
       216    0.000000000000000E+00    0.000000000000000E+00 T
       217    0.000000000000000E+00    0.000000000000000E+00 T
       218    0.000000000000000E+00    0.000000000000000E+00 T
       219    0.000000000000000E+00    0.000000000000000E+00 T
       220    0.000000000000000E+00    0.000000000000000E+00 T
       221    0.000000000000000E+00    0.000000000000000E+00 T
       222    0.000000000000000E+00    0.000000000000000E+00 T
       223    0.000000000000000E+00    0.000000000000000E+00 T
       224    0.000000000000000E+00    0.000000000000000E+00 T
       225    0.000000000000000E+00    0.000000000000000E+00 T
       226    0.000000000000000E+00    0.000000000000000E+00 T
       227    0.000000000000000E+00    0.000000000000000E+00 T
       228    0.000000000000000E+00    0.000000000000000E+00 T
       229    0.000000000000000E+00    0.000000000000000E+00 T
       230    0.000000000000000E+00    0.000000000000000E+00 T
       231    0.000000000000000E+00    0.000000000000000E+00 T
       232    0.000000000000000E+00    0.000000000000000E+00 T
       233    0.000000000000000E+00    0.000000000000000E+00 T
       234    0.000000000000000E+00    0.000000000000000E+00 T
       235    0.000000000000000E+00    0.000000000000000E+00 T
       236    0.000000000000000E+00    0.000000000000000E+00 T
       237    0.000000000000000E+00    0.000000000000000E+00 T
       238    0.000000000000000E+00    0.000000000000000E+00 T
       239    0.000000000000000E+00    0.000000000000000E+00 T
       240    0.000000000000000E+00    0.000000000000000E+00 T
       241    0.000000000000000E+00    0.000000000000000E+00 T
       242    0.000000000000000E+00    0.000000000000000E+00 T
       243    0.000000000000000E+00    0.000000000000000E+00 T
       244    0.000000000000000E+00    0.000000000000000E+00 T
       245    0.000000000000000E+00    0.000000000000000E+00 T
       246    0.000000000000000E+00    0.000000000000000E+00 T
       247    0.000000000000000E+00    0.000000000000000E+00 T
       248    0.000000000000000E+00    0.000000000000000E+00 T
       249    0.000000000000000E+00    0.000000000000000E+00 T
       250    0.000000000000000E+00    0.000000000000000E+00 T
       251    0.000000000000000E+00    0.000000000000000E+00 T
       252    0.000000000000000E+00    0.000000000000000E+00 T
       253    0.000000000000000E+00    0.000000000000000E+00 T
       254    0.000000000000000E+00    0.000000000000000E+00 T
       255    0.000000000000000E+00    0.000000000000000E+00 T
       256    0.000000000000000E+00    0.000000000000000E+00 T
       257    0.000000000000000E+00    0.000000000000000E+00 T
       258    0.000000000000000E+00    0.000000000000000E+00 T
       259    0.000000000000000E+00    0.000000000000000E+00 T
       260    0.000000000000000E+00    0.000000000000000E+00 T
       261    0.000000000000000E+00    0.000000000000000E+00 T
       262    0.000000000000000E+00    0.000000000000000E+00 T
       263    0.000000000000000E+00    0.000000000000000E+00 T
       264    0.000000000000000E+00    0.000000000000000E+00 T
       265    0.000000000000000E+00    0.000000000000000E+00 T
       266    0.000000000000000E+00    0.000000000000000E+00 T
       267    0.000000000000000E+00    0.000000000000000E+00 T
       268    0.000000000000000E+00    0.000000000000000E+00 T
       269    0.000000000000000E+00    0.000000000000000E+00 T
       270    0.000000000000000E+00    0.000000000000000E+00 T
       271    0.000000000000000E+00    0.000000000000000E+00 T
       272    0.000000000000000E+00    0.000000000000000E+00 T
       273    0.000000000000000E+00    0.000000000000000E+00 T
       274    0.000000000000000E+00    0.000000000000000E+00 T
       275    0.000000000000000E+00    0.000000000000000E+00 T
       276    0.000000000000000E+00    0.000000000000000E+00 T
       277    0.000000000000000E+00    0.000000000000000E+00 T
       278    0.000000000000000E+00    0.000000000000000E+00 T
       279    0.000000000000000E+00    0.000000000000000E+00 T
       280    0.000000000000000E+00    0.000000000000000E+00 T
       281    0.000000000000000E+00    0.000000000000000E+00 T
       282    0.000000000000000E+00    0.000000000000000E+00 T
       283    0.000000000000000E+00    0.000000000000000E+00 T
       284    0.000000000000000E+00    0.000000000000000E+00 T
       285    0.000000000000000E+00    0.000000000000000E+00 T
       286    0.000000000000000E+00    0.000000000000000E+00 T
       287    0.000000000000000E+00    0.000000000000000E+00 T
       288    0.000000000000000E+00    0.000000000000000E+00 T
       289    0.000000000000000E+00    0.000000000000000E+00 T
       290    0.000000000000000E+00    0.000000000000000E+00 T
       291    0.000000000000000E+00    0.000000000000000E+00 T
       292    0.000000000000000E+00    0.000000000000000E+00 T
       293    0.000000000000000E+00    0.000000000000000E+00 T
       294    0.000000000000000E+00    0.000000000000000E+00 T
       295    0.000000000000000E+00    0.000000000000000E+00 T
       296    0.000000000000000E+00    0.000000000000000E+00 T
       297    0.000000000000000E+00    0.000000000000000E+00 T
       298    0.000000000000000E+00    0.000000000000000E+00 T
       299    0.000000000000000E+00    0.000000000000000E+00 T
       300    0.000000000000000E+00    0.000000000000000E+00 T
       301    0.000000000000000E+00    0.000000000000000E+00 T
       302    0.000000000000000E+00    0.000000000000000E+00 T
       303    0.000000000000000E+00    0.000000000000000E+00 T
       304    0.000000000000000E+00    0.000000000000000E+00 T
       305    0.000000000000000E+00    0.000000000000000E+00 T
       306    0.000000000000000E+00    0.000000000000000E+00 T
       307    0.000000000000000E+00    0.000000000000000E+00 T
       308    0.000000000000000E+00    0.000000000000000E+00 T
       309    0.000000000000000E+00    0.000000000000000E+00 T
       310    0.000000000000000E+00    0.000000000000000E+00 T
       311    0.000000000000000E+00    0.000000000000000E+00 T
       312    0.000000000000000E+00    0.000000000000000E+00 T
       313    0.000000000000000E+00    0.000000000000000E+00 T
       314    0.000000000000000E+00    0.000000000000000E+00 T
       315    0.000000000000000E+00    0.000000000000000E+00 T
       316    0.000000000000000E+00    0.000000000000000E+00 T
       317    0.000000000000000E+00    0.000000000000000E+00 T
       318    0.000000000000000E+00    0.000000000000000E+00 T
       319    0.000000000000000E+00    0.000000000000000E+00 T
       320    0.000000000000000E+00    0.000000000000000E+00 T
       321    0.000000000000000E+00    0.000000000000000E+00 T
       322    0.000000000000000E+00    0.000000000000000E+00 T
       323    0.000000000000000E+00    0.000000000000000E+00 T
       324    0.000000000000000E+00    0.000000000000000E+00 T
       325    0.000000000000000E+00    0.000000000000000E+00 T
       326    0.000000000000000E+00    0.000000000000000E+00 T
       327    0.000000000000000E+00    0.000000000000000E+00 T
       328    0.000000000000000E+00    0.000000000000000E+00 T
       329    0.000000000000000E+00    0.000000000000000E+00 T
       330    0.000000000000000E+00    0.000000000000000E+00 T
       331    0.000000000000000E+00    0.000000000000000E+00 T
       332    0.000000000000000E+00    0.000000000000000E+00 T
       333    0.000000000000000E+00    0.000000000000000E+00 T
       334    0.000000000000000E+00    0.000000000000000E+00 T
       335    0.000000000000000E+00    0.000000000000000E+00 T
       336    0.000000000000000E+00    0.000000000000000E+00 T
       337    0.000000000000000E+00    0.000000000000000E+00 T
       338    0.000000000000000E+00    0.000000000000000E+00 T
       339    0.000000000000000E+00    0.000000000000000E+00 T
       340    0.000000000000000E+00    0.000000000000000E+00 T
       341    0.000000000000000E+00    0.000000000000000E+00 T
       342    0.000000000000000E+00    0.000000000000000E+00 T
       343    0.000000000000000E+00    0.000000000000000E+00 T
       344    0.000000000000000E+00    0.000000000000000E+00 T
       345    0.000000000000000E+00    0.000000000000000E+00 T
       346    0.000000000000000E+00    0.000000000000000E+00 T
       347    0.000000000000000E+00    0.000000000000000E+00 T
       348    0.000000000000000E+00    0.000000000000000E+00 T
       349    0.000000000000000E+00    0.000000000000000E+00 T
       350    0.000000000000000E+00    0.000000000000000E+00 T
       351    0.000000000000000E+00    0.000000000000000E+00 T
       352    0.000000000000000E+00    0.000000000000000E+00 T
       353    0.000000000000000E+00    0.000000000000000E+00 T
       354    0.000000000000000E+00    0.000000000000000E+00 T
       355    0.000000000000000E+00    0.000000000000000E+00 T
       356    0.000000000000000E+00    0.000000000000000E+00 T
       357    0.000000000000000E+00    0.000000000000000E+00 T
       358    0.000000000000000E+00    0.000000000000000E+00 T
       359    0.000000000000000E+00    0.000000000000000E+00 T
       360    0.000000000000000E+00    0.000000000000000E+00 T
       361    0.000000000000000E+00    0.000000000000000E+00 T
       362    0.000000000000000E+00    0.000000000000000E+00 T
       363    0.000000000000000E+00    0.000000000000000E+00 T
       364    0.000000000000000E+00    0.000000000000000E+00 T
       365    0.000000000000000E+00    0.000000000000000E+00 T
       366    0.000000000000000E+00    0.000000000000000E+00 T
       367    0.000000000000000E+00    0.000000000000000E+00 T
       368    0.000000000000000E+00    0.000000000000000E+00 T
       369    0.000000000000000E+00    0.000000000000000E+00 T
       370    0.000000000000000E+00    0.000000000000000E+00 T
       371    0.000000000000000E+00    0.000000000000000E+00 T
       372    0.000000000000000E+00    0.000000000000000E+00 T
       373    0.000000000000000E+00    0.000000000000000E+00 T
       374    0.000000000000000E+00    0.000000000000000E+00 T
       375    0.000000000000000E+00    0.000000000000000E+00 T
       376    0.000000000000000E+00    0.000000000000000E+00 T
       377    0.000000000000000E+00    0.000000000000000E+00 T
       378    0.000000000000000E+00    0.000000000000000E+00 T
       379    0.000000000000000E+00    0.000000000000000E+00 T
       380    0.000000000000000E+00    0.000000000000000E+00 T
       381    0.000000000000000E+00    0.000000000000000E+00 T
       382    0.000000000000000E+00    0.000000000000000E+00 T
       383    0.000000000000000E+00    0.000000000000000E+00 T
       384    0.000000000000000E+00    0.000000000000000E+00 T
       385    0.000000000000000E+00    0.000000000000000E+00 T
       386    0.000000000000000E+00    0.000000000000000E+00 T
       387    0.000000000000000E+00    0.000000000000000E+00 T
       388    0.000000000000000E+00    0.000000000000000E+00 T
       389    0.000000000000000E+00    0.000000000000000E+00 T
       390    0.000000000000000E+00    0.000000000000000E+00 T
       391    0.000000000000000E+00    0.000000000000000E+00 T
       392    0.000000000000000E+00    0.000000000000000E+00 T
       393    0.000000000000000E+00    0.000000000000000E+00 T
       394    0.000000000000000E+00    0.000000000000000E+00 T
       395    0.000000000000000E+00    0.000000000000000E+00 T
       396    0.000000000000000E+00    0.000000000000000E+00 T
       397    0.000000000000000E+00    0.000000000000000E+00 T
       398    0.000000000000000E+00    0.000000000000000E+00 T
       399    0.000000000000000E+00    0.000000000000000E+00 T
       400    0.000000000000000E+00    0.000000000000000E+00 T
       401    0.000000000000000E+00    0.000000000000000E+00 T
       402    0.000000000000000E+00    0.000000000000000E+00 T
       403    0.000000000000000E+00    0.000000000000000E+00 T
       404    0.000000000000000E+00    0.000000000000000E+00 T
       405    0.000000000000000E+00    0.000000000000000E+00 T
       406    0.000000000000000E+00    0.000000000000000E+00 T
       407    0.000000000000000E+00    0.000000000000000E+00 T
       408    0.000000000000000E+00    0.000000000000000E+00 T
       409    0.000000000000000E+00    0.000000000000000E+00 T
       410    0.000000000000000E+00    0.000000000000000E+00 T
       411    0.000000000000000E+00    0.000000000000000E+00 T
       412    0.000000000000000E+00    0.000000000000000E+00 T
       413    0.000000000000000E+00    0.000000000000000E+00 T
       414    0.000000000000000E+00    0.000000000000000E+00 T
       415    0.000000000000000E+00    0.000000000000000E+00 T
       416    0.000000000000000E+00    0.000000000000000E+00 T
       417    0.000000000000000E+00    0.000000000000000E+00 T
       418    0.000000000000000E+00    0.000000000000000E+00 T
       419    0.000000000000000E+00    0.000000000000000E+00 T
       420    0.000000000000000E+00    0.000000000000000E+00 T
       421    0.000000000000000E+00    0.000000000000000E+00 T
       422    0.000000000000000E+00    0.000000000000000E+00 T
       423    0.000000000000000E+00    0.000000000000000E+00 T
       424    0.000000000000000E+00    0.000000000000000E+00 T
       425    0.000000000000000E+00    0.000000000000000E+00 T
       426    0.000000000000000E+00    0.000000000000000E+00 T
       427    0.000000000000000E+00    0.000000000000000E+00 T
       428    0.000000000000000E+00    0.000000000000000E+00 T
       429    0.000000000000000E+00    0.000000000000000E+00 T
       430    0.000000000000000E+00    0.000000000000000E+00 T
       431    0.000000000000000E+00    0.000000000000000E+00 T
       432    0.000000000000000E+00    0.000000000000000E+00 T
       433    0.000000000000000E+00    0.000000000000000E+00 T
       434    0.000000000000000E+00    0.000000000000000E+00 T
       435    0.000000000000000E+00    0.000000000000000E+00 T
       436    0.000000000000000E+00    0.000000000000000E+00 T
       437    0.000000000000000E+00    0.000000000000000E+00 T
       438    0.000000000000000E+00    0.000000000000000E+00 T
       439    0.000000000000000E+00    0.000000000000000E+00 T
       440    0.000000000000000E+00    0.000000000000000E+00 T
       441    0.000000000000000E+00    0.000000000000000E+00 T
       442    0.000000000000000E+00    0.000000000000000E+00 T
       443    0.000000000000000E+00    0.000000000000000E+00 T
       444    0.000000000000000E+00    0.000000000000000E+00 T
       445    0.000000000000000E+00    0.000000000000000E+00 T
       446    0.000000000000000E+00    0.000000000000000E+00 T
       447    0.000000000000000E+00    0.000000000000000E+00 T
       448    0.000000000000000E+00    0.000000000000000E+00 T
       449    0.000000000000000E+00    0.000000000000000E+00 T
       450    0.000000000000000E+00    0.000000000000000E+00 T
       451    0.000000000000000E+00    0.000000000000000E+00 T
       452    0.000000000000000E+00    0.000000000000000E+00 T
       453    0.000000000000000E+00    0.000000000000000E+00 T
       454    0.000000000000000E+00    0.000000000000000E+00 T
       455    0.000000000000000E+00    0.000000000000000E+00 T
       456    0.000000000000000E+00    0.000000000000000E+00 T
       457    0.000000000000000E+00    0.000000000000000E+00 T
       458    0.000000000000000E+00    0.000000000000000E+00 T
       459    0.000000000000000E+00    0.000000000000000E+00 T
       460    0.000000000000000E+00    0.000000000000000E+00 T
       461    0.000000000000000E+00    0.000000000000000E+00 T
       462    0.000000000000000E+00    0.000000000000000E+00 T
       463    0.000000000000000E+00    0.000000000000000E+00 T
       464    0.000000000000000E+00    0.000000000000000E+00 T
       465    0.000000000000000E+00    0.000000000000000E+00 T
       466    0.000000000000000E+00    0.000000000000000E+00 T
       467    0.000000000000000E+00    0.000000000000000E+00 T
       468    0.000000000000000E+00    0.000000000000000E+00 T
       469    0.000000000000000E+00    0.000000000000000E+00 T
       470    0.000000000000000E+00    0.000000000000000E+00 T
       471    0.000000000000000E+00    0.000000000000000E+00 T
       472    0.000000000000000E+00    0.000000000000000E+00 T
       473    0.000000000000000E+00    0.000000000000000E+00 T
       474    0.000000000000000E+00    0.000000000000000E+00 T
       475    0.000000000000000E+00    0.000000000000000E+00 T
       476    0.000000000000000E+00    0.000000000000000E+00 T
       477    0.000000000000000E+00    0.000000000000000E+00 T
       478    0.000000000000000E+00    0.000000000000000E+00 T
       479    0.000000000000000E+00    0.000000000000000E+00 T
       480    0.000000000000000E+00    0.000000000000000E+00 T
       481    0.000000000000000E+00    0.000000000000000E+00 T
       482    0.000000000000000E+00    0.000000000000000E+00 T
       483    0.000000000000000E+00    0.000000000000000E+00 T
       484    0.000000000000000E+00    0.000000000000000E+00 T
       485    0.000000000000000E+00    0.000000000000000E+00 T
       486    0.000000000000000E+00    0.000000000000000E+00 T
       487    0.000000000000000E+00    0.000000000000000E+00 T
       488    0.000000000000000E+00    0.000000000000000E+00 T
       489    0.000000000000000E+00    0.000000000000000E+00 T
       490    0.000000000000000E+00    0.000000000000000E+00 T
       491    0.000000000000000E+00    0.000000000000000E+00 T
       492    0.000000000000000E+00    0.000000000000000E+00 T
       493    0.000000000000000E+00    0.000000000000000E+00 T
       494    0.000000000000000E+00    0.000000000000000E+00 T
       495    0.000000000000000E+00    0.000000000000000E+00 T
       496    0.000000000000000E+00    0.000000000000000E+00 T
       497    0.000000000000000E+00    0.000000000000000E+00 T
       498    0.000000000000000E+00    0.000000000000000E+00 T
       499    0.000000000000000E+00    0.000000000000000E+00 T
       500    0.000000000000000E+00    0.000000000000000E+00 T
       501    0.000000000000000E+00    0.000000000000000E+00 T
       502    0.000000000000000E+00    0.000000000000000E+00 T
       503    0.000000000000000E+00    0.000000000000000E+00 T
       504    0.000000000000000E+00    0.000000000000000E+00 T
       505    0.000000000000000E+00    0.000000000000000E+00 T
       506    0.000000000000000E+00    0.000000000000000E+00 T
       507    0.000000000000000E+00    0.000000000000000E+00 T
       508    0.000000000000000E+00    0.000000000000000E+00 T
       509    0.000000000000000E+00    0.000000000000000E+00 T
       510    0.000000000000000E+00    0.000000000000000E+00 T
       511    0.000000000000000E+00    0.000000000000000E+00 T
       512    0.000000000000000E+00    0.000000000000000E+00 T
       513    0.000000000000000E+00    0.000000000000000E+00 T
       514    0.000000000000000E+00    0.000000000000000E+00 T
       515    0.000000000000000E+00    0.000000000000000E+00 T
       516    0.000000000000000E+00    0.000000000000000E+00 T
       517    0.000000000000000E+00    0.000000000000000E+00 T
       518    0.000000000000000E+00    0.000000000000000E+00 T
       519    0.000000000000000E+00    0.000000000000000E+00 T
       520    0.000000000000000E+00    0.000000000000000E+00 T
       521    0.000000000000000E+00    0.000000000000000E+00 T
       522    0.000000000000000E+00    0.000000000000000E+00 T
       523    0.000000000000000E+00    0.000000000000000E+00 T
       524    0.000000000000000E+00    0.000000000000000E+00 T
       525    0.000000000000000E+00    0.000000000000000E+00 T
       526    0.000000000000000E+00    0.000000000000000E+00 T
       527    0.000000000000000E+00    0.000000000000000E+00 T
       528    0.000000000000000E+00    0.000000000000000E+00 T
       529    0.000000000000000E+00    0.000000000000000E+00 T
       530    0.000000000000000E+00    0.000000000000000E+00 T
       531    0.000000000000000E+00    0.000000000000000E+00 T
       532    0.000000000000000E+00    0.000000000000000E+00 T
       533    0.000000000000000E+00    0.000000000000000E+00 T
       534    0.000000000000000E+00    0.000000000000000E+00 T
       535    0.000000000000000E+00    0.000000000000000E+00 T
       536    0.000000000000000E+00    0.000000000000000E+00 T
       537    0.000000000000000E+00    0.000000000000000E+00 T
       538    0.000000000000000E+00    0.000000000000000E+00 T
       539    0.000000000000000E+00    0.000000000000000E+00 T
       540    0.000000000000000E+00    0.000000000000000E+00 T
       541    0.000000000000000E+00    0.000000000000000E+00 T
       542    0.000000000000000E+00    0.000000000000000E+00 T
       543    0.000000000000000E+00    0.000000000000000E+00 T
       544    0.000000000000000E+00    0.000000000000000E+00 T
       545    0.000000000000000E+00    0.000000000000000E+00 T
       546    0.000000000000000E+00    0.000000000000000E+00 T
       547    0.000000000000000E+00    0.000000000000000E+00 T
       548    0.000000000000000E+00    0.000000000000000E+00 T
       549    0.000000000000000E+00    0.000000000000000E+00 T
       550    0.000000000000000E+00    0.000000000000000E+00 T
       551    0.000000000000000E+00    0.000000000000000E+00 T
       552    0.000000000000000E+00    0.000000000000000E+00 T
       553    0.000000000000000E+00    0.000000000000000E+00 T
       554    0.000000000000000E+00    0.000000000000000E+00 T
       555    0.000000000000000E+00    0.000000000000000E+00 T
       556    0.000000000000000E+00    0.000000000000000E+00 T
       557    0.000000000000000E+00    0.000000000000000E+00 T
       558    0.000000000000000E+00    0.000000000000000E+00 T
       559    0.000000000000000E+00    0.000000000000000E+00 T
       560    0.000000000000000E+00    0.000000000000000E+00 T
       561    0.000000000000000E+00    0.000000000000000E+00 T
       562    0.000000000000000E+00    0.000000000000000E+00 T
       563    0.000000000000000E+00    0.000000000000000E+00 T
       564    0.000000000000000E+00    0.000000000000000E+00 T
       565    0.000000000000000E+00    0.000000000000000E+00 T
       566    0.000000000000000E+00    0.000000000000000E+00 T
       567    0.000000000000000E+00    0.000000000000000E+00 T
       568    0.000000000000000E+00    0.000000000000000E+00 T
       569    0.000000000000000E+00    0.000000000000000E+00 T
       570    0.000000000000000E+00    0.000000000000000E+00 T
       571    0.000000000000000E+00    0.000000000000000E+00 T
       572    0.000000000000000E+00    0.000000000000000E+00 T
       573    0.000000000000000E+00    0.000000000000000E+00 T
       574    0.000000000000000E+00    0.000000000000000E+00 T
       575    0.000000000000000E+00    0.000000000000000E+00 T
       576    0.000000000000000E+00    0.000000000000000E+00 T
       577    0.000000000000000E+00    0.000000000000000E+00 T
       578    0.000000000000000E+00    0.000000000000000E+00 T
       579    0.000000000000000E+00    0.000000000000000E+00 T
       580    0.000000000000000E+00    0.000000000000000E+00 T
       581    0.000000000000000E+00    0.000000000000000E+00 T
       582    0.000000000000000E+00    0.000000000000000E+00 T
       583    0.000000000000000E+00    0.000000000000000E+00 T
       584    0.000000000000000E+00    0.000000000000000E+00 T
       585    0.000000000000000E+00    0.000000000000000E+00 T
       586    0.000000000000000E+00    0.000000000000000E+00 T
       587    0.000000000000000E+00    0.000000000000000E+00 T
       588    0.000000000000000E+00    0.000000000000000E+00 T
       589    0.000000000000000E+00    0.000000000000000E+00 T
       590    0.000000000000000E+00    0.000000000000000E+00 T
       591    0.000000000000000E+00    0.000000000000000E+00 T
       592    0.000000000000000E+00    0.000000000000000E+00 T
       593    0.000000000000000E+00    0.000000000000000E+00 T
       594    0.000000000000000E+00    0.000000000000000E+00 T
       595    0.000000000000000E+00    0.000000000000000E+00 T
       596    0.000000000000000E+00    0.000000000000000E+00 T
       597    0.000000000000000E+00    0.000000000000000E+00 T
       598    0.000000000000000E+00    0.000000000000000E+00 T
       599    0.000000000000000E+00    0.000000000000000E+00 T
       600    0.000000000000000E+00    0.000000000000000E+00 T
       601    0.000000000000000E+00    0.000000000000000E+00 T
       602    0.000000000000000E+00    0.000000000000000E+00 T
       603    0.000000000000000E+00    0.000000000000000E+00 T
       604    0.000000000000000E+00    0.000000000000000E+00 T
       605    0.000000000000000E+00    0.000000000000000E+00 T
       606    0.000000000000000E+00    0.000000000000000E+00 T
       607    0.000000000000000E+00    0.000000000000000E+00 T
       608    0.000000000000000E+00    0.000000000000000E+00 T
       609    0.000000000000000E+00    0.000000000000000E+00 T
       610    0.000000000000000E+00    0.000000000000000E+00 T
       611    0.000000000000000E+00    0.000000000000000E+00 T
       612    0.000000000000000E+00    0.000000000000000E+00 T
       613    0.000000000000000E+00    0.000000000000000E+00 T
       614    0.000000000000000E+00    0.000000000000000E+00 T
       615    0.000000000000000E+00    0.000000000000000E+00 T
       616    0.000000000000000E+00    0.000000000000000E+00 T
       617    0.000000000000000E+00    0.000000000000000E+00 T
       618    0.000000000000000E+00    0.000000000000000E+00 T
       619    0.000000000000000E+00    0.000000000000000E+00 T
       620    0.000000000000000E+00    0.000000000000000E+00 T
       621    0.000000000000000E+00    0.000000000000000E+00 T
       622    0.000000000000000E+00    0.000000000000000E+00 T
       623    0.000000000000000E+00    0.000000000000000E+00 T
       624    0.000000000000000E+00    0.000000000000000E+00 T
       625    0.000000000000000E+00    0.000000000000000E+00 T
       626    0.000000000000000E+00    0.000000000000000E+00 T
       627    0.000000000000000E+00    0.000000000000000E+00 T
       628    0.000000000000000E+00    0.000000000000000E+00 T
       629    0.000000000000000E+00    0.000000000000000E+00 T
       630    0.000000000000000E+00    0.000000000000000E+00 T
       631    0.000000000000000E+00    0.000000000000000E+00 T
       632    0.000000000000000E+00    0.000000000000000E+00 T
       633    0.000000000000000E+00    0.000000000000000E+00 T
       634    0.000000000000000E+00    0.000000000000000E+00 T
       635    0.000000000000000E+00    0.000000000000000E+00 T
       636    0.000000000000000E+00    0.000000000000000E+00 T
       637    0.000000000000000E+00    0.000000000000000E+00 T
       638    0.000000000000000E+00    0.000000000000000E+00 T
       639    0.000000000000000E+00    0.000000000000000E+00 T
       640    0.000000000000000E+00    0.000000000000000E+00 T
       641    0.000000000000000E+00    0.000000000000000E+00 T
       642    0.000000000000000E+00    0.000000000000000E+00 T
       643    0.000000000000000E+00    0.000000000000000E+00 T
       644    0.000000000000000E+00    0.000000000000000E+00 T
       645    0.000000000000000E+00    0.000000000000000E+00 T
       646    0.000000000000000E+00    0.000000000000000E+00 T
       647    0.000000000000000E+00    0.000000000000000E+00 T
       648    0.000000000000000E+00    0.000000000000000E+00 T
       649    0.000000000000000E+00    0.000000000000000E+00 T
       650    0.000000000000000E+00    0.000000000000000E+00 T
       651    0.000000000000000E+00    0.000000000000000E+00 T
       652    0.000000000000000E+00    0.000000000000000E+00 T
       653    0.000000000000000E+00    0.000000000000000E+00 T
       654    0.000000000000000E+00    0.000000000000000E+00 T
       655    0.000000000000000E+00    0.000000000000000E+00 T
       656    0.000000000000000E+00    0.000000000000000E+00 T
       657    0.000000000000000E+00    0.000000000000000E+00 T
       658    0.000000000000000E+00    0.000000000000000E+00 T
       659    0.000000000000000E+00    0.000000000000000E+00 T
       660    0.000000000000000E+00    0.000000000000000E+00 T
       661    0.000000000000000E+00    0.000000000000000E+00 T
       662    0.000000000000000E+00    0.000000000000000E+00 T
       663    0.000000000000000E+00    0.000000000000000E+00 T
       664    0.000000000000000E+00    0.000000000000000E+00 T
       665    0.000000000000000E+00    0.000000000000000E+00 T
       666    0.000000000000000E+00    0.000000000000000E+00 T
       667    0.000000000000000E+00    0.000000000000000E+00 T
       668    0.000000000000000E+00    0.000000000000000E+00 T
       669    0.000000000000000E+00    0.000000000000000E+00 T
       670    0.000000000000000E+00    0.000000000000000E+00 T
       671    0.000000000000000E+00    0.000000000000000E+00 T
       672    0.000000000000000E+00    0.000000000000000E+00 T
       673    0.000000000000000E+00    0.000000000000000E+00 T
       674    0.000000000000000E+00    0.000000000000000E+00 T
       675    0.000000000000000E+00    0.000000000000000E+00 T
       676    0.000000000000000E+00    0.000000000000000E+00 T
       677    0.000000000000000E+00    0.000000000000000E+00 T
       678    0.000000000000000E+00    0.000000000000000E+00 T
       679    0.000000000000000E+00    0.000000000000000E+00 T
       680    0.000000000000000E+00    0.000000000000000E+00 T
       681    0.000000000000000E+00    0.000000000000000E+00 T
       682    0.000000000000000E+00    0.000000000000000E+00 T
       683    0.000000000000000E+00    0.000000000000000E+00 T
       684    0.000000000000000E+00    0.000000000000000E+00 T
       685    0.000000000000000E+00    0.000000000000000E+00 T
       686    0.000000000000000E+00    0.000000000000000E+00 T
       687    0.000000000000000E+00    0.000000000000000E+00 T
       688    0.000000000000000E+00    0.000000000000000E+00 T
       689    0.000000000000000E+00    0.000000000000000E+00 T
       690    0.000000000000000E+00    0.000000000000000E+00 T
       691    0.000000000000000E+00    0.000000000000000E+00 T
       692    0.000000000000000E+00    0.000000000000000E+00 T
       693    0.000000000000000E+00    0.000000000000000E+00 T
       694    0.000000000000000E+00    0.000000000000000E+00 T
       695    0.000000000000000E+00    0.000000000000000E+00 T
       696    0.000000000000000E+00    0.000000000000000E+00 T
       697    0.000000000000000E+00    0.000000000000000E+00 T
       698    0.000000000000000E+00    0.000000000000000E+00 T
       699    0.000000000000000E+00    0.000000000000000E+00 T
       700    0.000000000000000E+00    0.000000000000000E+00 T
       701    0.000000000000000E+00    0.000000000000000E+00 T
       702    0.000000000000000E+00    0.000000000000000E+00 T
       703    0.000000000000000E+00    0.000000000000000E+00 T
       704    0.000000000000000E+00    0.000000000000000E+00 T
       705    0.000000000000000E+00    0.000000000000000E+00 T
       706    0.000000000000000E+00    0.000000000000000E+00 T
       707    0.000000000000000E+00    0.000000000000000E+00 T
       708    0.000000000000000E+00    0.000000000000000E+00 T
       709    0.000000000000000E+00    0.000000000000000E+00 T
       710    0.000000000000000E+00    0.000000000000000E+00 T
       711    0.000000000000000E+00    0.000000000000000E+00 T
       712    0.000000000000000E+00    0.000000000000000E+00 T
       713    0.000000000000000E+00    0.000000000000000E+00 T
       714    0.000000000000000E+00    0.000000000000000E+00 T
       715    0.000000000000000E+00    0.000000000000000E+00 T
       716    0.000000000000000E+00    0.000000000000000E+00 T
       717    0.000000000000000E+00    0.000000000000000E+00 T
       718    0.000000000000000E+00    0.000000000000000E+00 T
       719    0.000000000000000E+00    0.000000000000000E+00 T
       720    0.000000000000000E+00    0.000000000000000E+00 T
       721    0.000000000000000E+00    0.000000000000000E+00 T
       722    0.000000000000000E+00    0.000000000000000E+00 T
       723    0.000000000000000E+00    0.000000000000000E+00 T
       724    0.000000000000000E+00    0.000000000000000E+00 T
       725    0.000000000000000E+00    0.000000000000000E+00 T
       726    0.000000000000000E+00    0.000000000000000E+00 T
       727    0.000000000000000E+00    0.000000000000000E+00 T
       728    0.000000000000000E+00    0.000000000000000E+00 T
       729    0.000000000000000E+00    0.000000000000000E+00 T
       730    0.000000000000000E+00    0.000000000000000E+00 T
       731    0.000000000000000E+00    0.000000000000000E+00 T
       732    0.000000000000000E+00    0.000000000000000E+00 T
       733    0.000000000000000E+00    0.000000000000000E+00 T
       734    0.000000000000000E+00    0.000000000000000E+00 T
       735    0.000000000000000E+00    0.000000000000000E+00 T
       736    0.000000000000000E+00    0.000000000000000E+00 T
       737    0.000000000000000E+00    0.000000000000000E+00 T
       738    0.000000000000000E+00    0.000000000000000E+00 T
       739    0.000000000000000E+00    0.000000000000000E+00 T
       740    0.000000000000000E+00    0.000000000000000E+00 T
       741    0.000000000000000E+00    0.000000000000000E+00 T
       742    0.000000000000000E+00    0.000000000000000E+00 T
       743    0.000000000000000E+00    0.000000000000000E+00 T
       744    0.000000000000000E+00    0.000000000000000E+00 T
       745    0.000000000000000E+00    0.000000000000000E+00 T
       746    0.000000000000000E+00    0.000000000000000E+00 T
       747    0.000000000000000E+00    0.000000000000000E+00 T
       748    0.000000000000000E+00    0.000000000000000E+00 T
       749    0.000000000000000E+00    0.000000000000000E+00 T
       750    0.000000000000000E+00    0.000000000000000E+00 T
       751    0.000000000000000E+00    0.000000000000000E+00 T
       752    0.000000000000000E+00    0.000000000000000E+00 T
       753    0.000000000000000E+00    0.000000000000000E+00 T
       754    0.000000000000000E+00    0.000000000000000E+00 T
       755    0.000000000000000E+00    0.000000000000000E+00 T
       756    0.000000000000000E+00    0.000000000000000E+00 T
       757    0.000000000000000E+00    0.000000000000000E+00 T
       758    0.000000000000000E+00    0.000000000000000E+00 T
       759    0.000000000000000E+00    0.000000000000000E+00 T
       760    0.000000000000000E+00    0.000000000000000E+00 T
       761    0.000000000000000E+00    0.000000000000000E+00 T
       762    0.000000000000000E+00    0.000000000000000E+00 T
       763    0.000000000000000E+00    0.000000000000000E+00 T
       764    0.000000000000000E+00    0.000000000000000E+00 T
       765    0.000000000000000E+00    0.000000000000000E+00 T
       766    0.000000000000000E+00    0.000000000000000E+00 T
       767    0.000000000000000E+00    0.000000000000000E+00 T
       768    0.000000000000000E+00    0.000000000000000E+00 T
       769    0.000000000000000E+00    0.000000000000000E+00 T
       770    0.000000000000000E+00    0.000000000000000E+00 T
       771    0.000000000000000E+00    0.000000000000000E+00 T
       772    0.000000000000000E+00    0.000000000000000E+00 T
       773    0.000000000000000E+00    0.000000000000000E+00 T
       774    0.000000000000000E+00    0.000000000000000E+00 T
       775    0.000000000000000E+00    0.000000000000000E+00 T
       776    0.000000000000000E+00    0.000000000000000E+00 T
       777    0.000000000000000E+00    0.000000000000000E+00 T
       778    0.000000000000000E+00    0.000000000000000E+00 T
       779    0.000000000000000E+00    0.000000000000000E+00 T
       780    0.000000000000000E+00    0.000000000000000E+00 T
       781    0.000000000000000E+00    0.000000000000000E+00 T
       782    0.000000000000000E+00    0.000000000000000E+00 T
       783    0.000000000000000E+00    0.000000000000000E+00 T
       784    0.000000000000000E+00    0.000000000000000E+00 T
       785    0.000000000000000E+00    0.000000000000000E+00 T
       786    0.000000000000000E+00    0.000000000000000E+00 T
       787    0.000000000000000E+00    0.000000000000000E+00 T
       788    0.000000000000000E+00    0.000000000000000E+00 T
       789    0.000000000000000E+00    0.000000000000000E+00 T
       790    0.000000000000000E+00    0.000000000000000E+00 T
       791    0.000000000000000E+00    0.000000000000000E+00 T
       792    0.000000000000000E+00    0.000000000000000E+00 T
       793    0.000000000000000E+00    0.000000000000000E+00 T
       794    0.000000000000000E+00    0.000000000000000E+00 T
       795    0.000000000000000E+00    0.000000000000000E+00 T
       796    0.000000000000000E+00    0.000000000000000E+00 T
       797    0.000000000000000E+00    0.000000000000000E+00 T
       798    0.000000000000000E+00    0.000000000000000E+00 T
       799    0.000000000000000E+00    0.000000000000000E+00 T
       800    0.000000000000000E+00    0.000000000000000E+00 T
       801    0.000000000000000E+00    0.000000000000000E+00 T
       802    0.000000000000000E+00    0.000000000000000E+00 T
       803    0.000000000000000E+00    0.000000000000000E+00 T
       804    0.000000000000000E+00    0.000000000000000E+00 T
       805    0.000000000000000E+00    0.000000000000000E+00 T
       806    0.000000000000000E+00    0.000000000000000E+00 T
       807    0.000000000000000E+00    0.000000000000000E+00 T
       808    0.000000000000000E+00    0.000000000000000E+00 T
       809    0.000000000000000E+00    0.000000000000000E+00 T
       810    0.000000000000000E+00    0.000000000000000E+00 T
       811    0.000000000000000E+00    0.000000000000000E+00 T
       812    0.000000000000000E+00    0.000000000000000E+00 T
       813    0.000000000000000E+00    0.000000000000000E+00 T
       814    0.000000000000000E+00    0.000000000000000E+00 T
       815    0.000000000000000E+00    0.000000000000000E+00 T
       816    0.000000000000000E+00    0.000000000000000E+00 T
       817    0.000000000000000E+00    0.000000000000000E+00 T
       818    0.000000000000000E+00    0.000000000000000E+00 T
       819    0.000000000000000E+00    0.000000000000000E+00 T
       820    0.000000000000000E+00    0.000000000000000E+00 T
       821    0.000000000000000E+00    0.000000000000000E+00 T
       822    0.000000000000000E+00    0.000000000000000E+00 T
       823    0.000000000000000E+00    0.000000000000000E+00 T
       824    0.000000000000000E+00    0.000000000000000E+00 T
       825    0.000000000000000E+00    0.000000000000000E+00 T
       826    0.000000000000000E+00    0.000000000000000E+00 T
       827    0.000000000000000E+00    0.000000000000000E+00 T
       828    0.000000000000000E+00    0.000000000000000E+00 T
       829    0.000000000000000E+00    0.000000000000000E+00 T
       830    0.000000000000000E+00    0.000000000000000E+00 T
       831    0.000000000000000E+00    0.000000000000000E+00 T
       832    0.000000000000000E+00    0.000000000000000E+00 T
       833    0.000000000000000E+00    0.000000000000000E+00 T
       834    0.000000000000000E+00    0.000000000000000E+00 T
       835    0.000000000000000E+00    0.000000000000000E+00 T
       836    0.000000000000000E+00    0.000000000000000E+00 T
       837    0.000000000000000E+00    0.000000000000000E+00 T
       838    0.000000000000000E+00    0.000000000000000E+00 T
       839    0.000000000000000E+00    0.000000000000000E+00 T
       840    0.000000000000000E+00    0.000000000000000E+00 T
       841    0.000000000000000E+00    0.000000000000000E+00 T
       842    0.000000000000000E+00    0.000000000000000E+00 T
       843    0.000000000000000E+00    0.000000000000000E+00 T
       844    0.000000000000000E+00    0.000000000000000E+00 T
       845    0.000000000000000E+00    0.000000000000000E+00 T
       846    0.000000000000000E+00    0.000000000000000E+00 T
       847    0.000000000000000E+00    0.000000000000000E+00 T
       848    0.000000000000000E+00    0.000000000000000E+00 T
       849    0.000000000000000E+00    0.000000000000000E+00 T
       850    0.000000000000000E+00    0.000000000000000E+00 T
       851    0.000000000000000E+00    0.000000000000000E+00 T
       852    0.000000000000000E+00    0.000000000000000E+00 T
       853    0.000000000000000E+00    0.000000000000000E+00 T
       854    0.000000000000000E+00    0.000000000000000E+00 T
       855    0.000000000000000E+00    0.000000000000000E+00 T
       856    0.000000000000000E+00    0.000000000000000E+00 T
       857    0.000000000000000E+00    0.000000000000000E+00 T
       858    0.000000000000000E+00    0.000000000000000E+00 T
       859    0.000000000000000E+00    0.000000000000000E+00 T
       860    0.000000000000000E+00    0.000000000000000E+00 T
       861    0.000000000000000E+00    0.000000000000000E+00 T
       862    0.000000000000000E+00    0.000000000000000E+00 T
       863    0.000000000000000E+00    0.000000000000000E+00 T
       864    0.000000000000000E+00    0.000000000000000E+00 T
       865    0.000000000000000E+00    0.000000000000000E+00 T
       866    0.000000000000000E+00    0.000000000000000E+00 T
       867    0.000000000000000E+00    0.000000000000000E+00 T
       868    0.000000000000000E+00    0.000000000000000E+00 T
       869    0.000000000000000E+00    0.000000000000000E+00 T
       870    0.000000000000000E+00    0.000000000000000E+00 T
       871    0.000000000000000E+00    0.000000000000000E+00 T
       872    0.000000000000000E+00    0.000000000000000E+00 T
       873    0.000000000000000E+00    0.000000000000000E+00 T
       874    0.000000000000000E+00    0.000000000000000E+00 T
       875    0.000000000000000E+00    0.000000000000000E+00 T
       876    0.000000000000000E+00    0.000000000000000E+00 T
       877    0.000000000000000E+00    0.000000000000000E+00 T
       878    0.000000000000000E+00    0.000000000000000E+00 T
       879    0.000000000000000E+00    0.000000000000000E+00 T
       880    0.000000000000000E+00    0.000000000000000E+00 T
       881    0.000000000000000E+00    0.000000000000000E+00 T
       882    0.000000000000000E+00    0.000000000000000E+00 T
       883    0.000000000000000E+00    0.000000000000000E+00 T
       884    0.000000000000000E+00    0.000000000000000E+00 T
       885    0.000000000000000E+00    0.000000000000000E+00 T
       886    0.000000000000000E+00    0.000000000000000E+00 T
       887    0.000000000000000E+00    0.000000000000000E+00 T
       888    0.000000000000000E+00    0.000000000000000E+00 T
       889    0.000000000000000E+00    0.000000000000000E+00 T
       890    0.000000000000000E+00    0.000000000000000E+00 T
       891    0.000000000000000E+00    0.000000000000000E+00 T
       892    0.000000000000000E+00    0.000000000000000E+00 T
       893    0.000000000000000E+00    0.000000000000000E+00 T
       894    0.000000000000000E+00    0.000000000000000E+00 T
       895    0.000000000000000E+00    0.000000000000000E+00 T
       896    0.000000000000000E+00    0.000000000000000E+00 T
       897    0.000000000000000E+00    0.000000000000000E+00 T
       898    0.000000000000000E+00    0.000000000000000E+00 T
       899    0.000000000000000E+00    0.000000000000000E+00 T
       900    0.000000000000000E+00    0.000000000000000E+00 T
       901    0.000000000000000E+00    0.000000000000000E+00 T
       902    0.000000000000000E+00    0.000000000000000E+00 T
       903    0.000000000000000E+00    0.000000000000000E+00 T
       904    0.000000000000000E+00    0.000000000000000E+00 T
       905    0.000000000000000E+00    0.000000000000000E+00 T
       906    0.000000000000000E+00    0.000000000000000E+00 T
       907    0.000000000000000E+00    0.000000000000000E+00 T
       908    0.000000000000000E+00    0.000000000000000E+00 T
       909    0.000000000000000E+00    0.000000000000000E+00 T
       910    0.000000000000000E+00    0.000000000000000E+00 T
       911    0.000000000000000E+00    0.000000000000000E+00 T
       912    0.000000000000000E+00    0.000000000000000E+00 T
       913    0.000000000000000E+00    0.000000000000000E+00 T
       914    0.000000000000000E+00    0.000000000000000E+00 T
       915    0.000000000000000E+00    0.000000000000000E+00 T
       916    0.000000000000000E+00    0.000000000000000E+00 T
       917    0.000000000000000E+00    0.000000000000000E+00 T
       918    0.000000000000000E+00    0.000000000000000E+00 T
       919    0.000000000000000E+00    0.000000000000000E+00 T
       920    0.000000000000000E+00    0.000000000000000E+00 T
       921    0.000000000000000E+00    0.000000000000000E+00 T
       922    0.000000000000000E+00    0.000000000000000E+00 T
       923    0.000000000000000E+00    0.000000000000000E+00 T
       924    0.000000000000000E+00    0.000000000000000E+00 T
       925    0.000000000000000E+00    0.000000000000000E+00 T
       926    0.000000000000000E+00    0.000000000000000E+00 T
       927    0.000000000000000E+00    0.000000000000000E+00 T
       928    0.000000000000000E+00    0.000000000000000E+00 T
       929    0.000000000000000E+00    0.000000000000000E+00 T
       930    0.000000000000000E+00    0.000000000000000E+00 T
       931    0.000000000000000E+00    0.000000000000000E+00 T
       932    0.000000000000000E+00    0.000000000000000E+00 T
       933    0.000000000000000E+00    0.000000000000000E+00 T
       934    0.000000000000000E+00    0.000000000000000E+00 T
       935    0.000000000000000E+00    0.000000000000000E+00 T
       936    0.000000000000000E+00    0.000000000000000E+00 T
       937    0.000000000000000E+00    0.000000000000000E+00 T
       938    0.000000000000000E+00    0.000000000000000E+00 T
       939    0.000000000000000E+00    0.000000000000000E+00 T
       940    0.000000000000000E+00    0.000000000000000E+00 T
       941    0.000000000000000E+00    0.000000000000000E+00 T
       942    0.000000000000000E+00    0.000000000000000E+00 T
       943    0.000000000000000E+00    0.000000000000000E+00 T
       944    0.000000000000000E+00    0.000000000000000E+00 T
       945    0.000000000000000E+00    0.000000000000000E+00 T
       946    0.000000000000000E+00    0.000000000000000E+00 T
       947    0.000000000000000E+00    0.000000000000000E+00 T
       948    0.000000000000000E+00    0.000000000000000E+00 T
       949    0.000000000000000E+00    0.000000000000000E+00 T
       950    0.000000000000000E+00    0.000000000000000E+00 T
       951    0.000000000000000E+00    0.000000000000000E+00 T
       952    0.000000000000000E+00    0.000000000000000E+00 T
       953    0.000000000000000E+00    0.000000000000000E+00 T
       954    0.000000000000000E+00    0.000000000000000E+00 T
       955    0.000000000000000E+00    0.000000000000000E+00 T
       956    0.000000000000000E+00    0.000000000000000E+00 T
       957    0.000000000000000E+00    0.000000000000000E+00 T
       958    0.000000000000000E+00    0.000000000000000E+00 T
       959    0.000000000000000E+00    0.000000000000000E+00 T
       960    0.000000000000000E+00    0.000000000000000E+00 T
       961    0.000000000000000E+00    0.000000000000000E+00 T
       962    0.000000000000000E+00    0.000000000000000E+00 T
       963    0.000000000000000E+00    0.000000000000000E+00 T
       964    0.000000000000000E+00    0.000000000000000E+00 T
       965    0.000000000000000E+00    0.000000000000000E+00 T
       966    0.000000000000000E+00    0.000000000000000E+00 T
       967    0.000000000000000E+00    0.000000000000000E+00 T
       968    0.000000000000000E+00    0.000000000000000E+00 T
       969    0.000000000000000E+00    0.000000000000000E+00 T
       970    0.000000000000000E+00    0.000000000000000E+00 T
       971    0.000000000000000E+00    0.000000000000000E+00 T
       972    0.000000000000000E+00    0.000000000000000E+00 T
       973    0.000000000000000E+00    0.000000000000000E+00 T
       974    0.000000000000000E+00    0.000000000000000E+00 T
       975    0.000000000000000E+00    0.000000000000000E+00 T
       976    0.000000000000000E+00    0.000000000000000E+00 T
       977    0.000000000000000E+00    0.000000000000000E+00 T
       978    0.000000000000000E+00    0.000000000000000E+00 T
       979    0.000000000000000E+00    0.000000000000000E+00 T
       980    0.000000000000000E+00    0.000000000000000E+00 T
       981    0.000000000000000E+00    0.000000000000000E+00 T
       982    0.000000000000000E+00    0.000000000000000E+00 T
       983    0.000000000000000E+00    0.000000000000000E+00 T
       984    0.000000000000000E+00    0.000000000000000E+00 T
       985    0.000000000000000E+00    0.000000000000000E+00 T
       986    0.000000000000000E+00    0.000000000000000E+00 T
       987    0.000000000000000E+00    0.000000000000000E+00 T
       988    0.000000000000000E+00    0.000000000000000E+00 T
       989    0.000000000000000E+00    0.000000000000000E+00 T
       990    0.000000000000000E+00    0.000000000000000E+00 T
       991    0.000000000000000E+00    0.000000000000000E+00 T
       992    0.000000000000000E+00    0.000000000000000E+00 T
       993    0.000000000000000E+00    0.000000000000000E+00 T
       994    0.000000000000000E+00    0.000000000000000E+00 T
       995    0.000000000000000E+00    0.000000000000000E+00 T
       996    0.000000000000000E+00    0.000000000000000E+00 T
       997    0.000000000000000E+00    0.000000000000000E+00 T
       998    0.000000000000000E+00    0.000000000000000E+00 T
       999    0.000000000000000E+00    0.000000000000000E+00 T
      1000    0.000000000000000E+00    0.000000000000000E+00 T
